close_00 1 Copy:           13523.1     0.094826     0.094653     0.095785
close_00 1 Scale:          13374.1     0.095871     0.095707     0.096563
close_00 1 Add:            13969.0     0.137683     0.137447     0.138666
close_00 1 Triad:          13945.2     0.137913     0.137682     0.139365
far_01 1 Copy:           10208.7     0.126055     0.125383     0.126424
far_01 1 Scale:          10041.1     0.127622     0.127476     0.127875
far_01 1 Add:            10125.3     0.190326     0.189624     0.190691
far_01 1 Triad:          10059.3     0.191066     0.190868     0.191447
close_11 1 Copy:           13290.0     0.096418     0.096313     0.096712
close_11 1 Scale:          13308.3     0.096331     0.096181     0.098942
close_11 1 Add:            13814.4     0.139204     0.138985     0.142480
close_11 1 Triad:          13823.6     0.139003     0.138893     0.139220
far_10 1 Copy:           10152.5     0.126242     0.126077     0.126660
far_10 1 Scale:          10065.7     0.127349     0.127165     0.127897
far_10 1 Add:            10085.5     0.190559     0.190373     0.190767
far_10 1 Triad:          10067.9     0.191016     0.190706     0.191457
close_00 2 Copy:           20171.7     0.063747     0.063455     0.064426
close_00 2 Scale:          19848.3     0.064855     0.064489     0.065601
close_00 2 Add:            22061.9     0.087561     0.087028     0.088744
close_00 2 Triad:          22121.1     0.087121     0.086795     0.088231
far_01 2 Copy:           17391.1     0.074339     0.073601     0.074843
far_01 2 Scale:          16632.0     0.077546     0.076960     0.078053
far_01 2 Add:            17780.6     0.108904     0.107983     0.109522
far_01 2 Triad:          17557.5     0.110274     0.109355     0.110960
close_11 2 Copy:           19495.9     0.066241     0.065655     0.068048
close_11 2 Scale:          19323.1     0.066913     0.066242     0.068975
close_11 2 Add:            21503.2     0.089954     0.089289     0.092377
close_11 2 Triad:          21327.9     0.090634     0.090023     0.091336
far_10 2 Copy:           17465.6     0.073894     0.073287     0.074182
far_10 2 Scale:          17225.1     0.075144     0.074310     0.075639
far_10 2 Add:            18059.6     0.107226     0.106315     0.107803
far_10 2 Triad:          17858.7     0.108188     0.107511     0.108667
close_00 3 Copy:           21342.9     0.060483     0.059973     0.061019
close_00 3 Scale:          22655.6     0.057135     0.056498     0.058007
close_00 3 Add:            24925.0     0.077731     0.077031     0.078419
close_00 3 Triad:          24737.2     0.078334     0.077616     0.079034
far_01 3 Copy:           19472.4     0.066554     0.065734     0.067026
far_01 3 Scale:          19688.4     0.065774     0.065013     0.066499
far_01 3 Add:            21504.4     0.090279     0.089284     0.090734
far_01 3 Triad:          21715.3     0.089483     0.088417     0.091037
close_11 3 Copy:           21232.9     0.060438     0.060284     0.060718
close_11 3 Scale:          20593.0     0.062487     0.062157     0.062732
close_11 3 Add:            23934.2     0.080674     0.080220     0.081077
close_11 3 Triad:          24026.4     0.080113     0.079912     0.080491
far_10 3 Copy:           20335.2     0.063148     0.062945     0.063419
far_10 3 Scale:          20414.7     0.063006     0.062700     0.063384
far_10 3 Add:            22055.3     0.087359     0.087054     0.087733
far_10 3 Triad:          21814.0     0.088440     0.088017     0.088893
close_00 4 Copy:           21896.4     0.058734     0.058457     0.059742
close_00 4 Scale:          22582.8     0.056990     0.056680     0.058153
close_00 4 Add:            25532.9     0.076003     0.075197     0.076874
close_00 4 Triad:          25790.8     0.074772     0.074445     0.075913
far_01 4 Copy:           21007.3     0.061090     0.060931     0.061366
far_01 4 Scale:          20283.7     0.063352     0.063105     0.063735
far_01 4 Add:            22891.2     0.084235     0.083875     0.084786
far_01 4 Triad:          22613.8     0.085325     0.084904     0.086027
close_11 4 Copy:           20292.4     0.063243     0.063078     0.063448
close_11 4 Scale:          21330.1     0.060354     0.060009     0.060854
close_11 4 Add:            23652.6     0.081629     0.081175     0.082114
close_11 4 Triad:          24362.4     0.079120     0.078810     0.079646
far_10 4 Copy:           21506.1     0.060142     0.059518     0.060775
far_10 4 Scale:          20975.0     0.061732     0.061025     0.062695
far_10 4 Add:            23221.8     0.083204     0.082681     0.083757
far_10 4 Triad:          23274.7     0.082859     0.082493     0.083625
close_00 5 Copy:           22420.7     0.057515     0.057090     0.058394
close_00 5 Scale:          22633.7     0.057045     0.056553     0.057871
close_00 5 Add:            25827.7     0.075204     0.074339     0.076476
close_00 5 Triad:          25990.2     0.074387     0.073874     0.075315
far_01 5 Copy:           20695.2     0.062430     0.061850     0.062870
far_01 5 Scale:          20504.2     0.062805     0.062426     0.063475
far_01 5 Add:            22782.0     0.084981     0.084277     0.085377
far_01 5 Triad:          22825.3     0.084692     0.084117     0.085111
close_11 5 Copy:           21333.0     0.060409     0.060001     0.061352
close_11 5 Scale:          20974.7     0.061373     0.061026     0.062406
close_11 5 Add:            24503.8     0.079031     0.078355     0.080746
close_11 5 Triad:          24747.4     0.077996     0.077584     0.079191
far_10 5 Copy:           21978.4     0.058543     0.058239     0.059022
far_10 5 Scale:          20847.6     0.061778     0.061398     0.062090
far_10 5 Add:            23528.5     0.081885     0.081603     0.082250
far_10 5 Triad:          23908.5     0.080699     0.080306     0.081114
close_00 6 Copy:           23509.1     0.054771     0.054447     0.055042
close_00 6 Scale:          23168.7     0.055466     0.055247     0.056062
close_00 6 Add:            27080.4     0.071460     0.070900     0.071988
close_00 6 Triad:          25839.1     0.074608     0.074306     0.075146
far_01 6 Copy:           20787.0     0.061774     0.061577     0.062274
far_01 6 Scale:          20332.9     0.063099     0.062952     0.063275
far_01 6 Add:            23323.9     0.082478     0.082319     0.082689
far_01 6 Triad:          23593.6     0.081686     0.081378     0.081988
close_11 6 Copy:           21622.3     0.059488     0.059198     0.059815
close_11 6 Scale:          21884.9     0.058851     0.058488     0.059140
close_11 6 Add:            24978.9     0.077220     0.076865     0.077832
close_11 6 Triad:          24164.6     0.079709     0.079455     0.080150
far_10 6 Copy:           21467.1     0.059944     0.059626     0.060405
far_10 6 Scale:          21780.5     0.059028     0.058768     0.059277
far_10 6 Add:            23724.6     0.081421     0.080929     0.081774
far_10 6 Triad:          23843.6     0.080832     0.080525     0.081172
close_00 7 Copy:           22645.2     0.057022     0.056524     0.057555
close_00 7 Scale:          22877.1     0.056346     0.055951     0.057133
close_00 7 Add:            26224.1     0.073451     0.073215     0.073915
close_00 7 Triad:          26152.0     0.074042     0.073417     0.074767
far_01 7 Copy:           21199.4     0.060846     0.060379     0.061603
far_01 7 Scale:          20673.2     0.062487     0.061916     0.063618
far_01 7 Add:            23233.1     0.083172     0.082641     0.084003
far_01 7 Triad:          23309.2     0.082910     0.082371     0.083867
close_11 7 Copy:           22057.6     0.058220     0.058030     0.058577
close_11 7 Scale:          21736.2     0.059036     0.058888     0.059422
close_11 7 Add:            25206.5     0.076432     0.076171     0.076814
close_11 7 Triad:          25029.6     0.077039     0.076709     0.077407
far_10 7 Copy:           21977.0     0.058675     0.058243     0.058981
far_10 7 Scale:          22107.5     0.058188     0.057899     0.058542
far_10 7 Add:            24020.7     0.080325     0.079931     0.080611
far_10 7 Triad:          23747.6     0.081221     0.080850     0.081655
close_00 8 Copy:           23189.7     0.055462     0.055197     0.055864
close_00 8 Scale:          22638.8     0.056930     0.056540     0.057357
close_00 8 Add:            26636.4     0.072388     0.072082     0.072691
close_00 8 Triad:          26505.1     0.072973     0.072439     0.073767
far_01 8 Copy:           20742.9     0.061944     0.061708     0.062259
far_01 8 Scale:          20910.3     0.061509     0.061214     0.062087
far_01 8 Add:            23083.3     0.083476     0.083177     0.083806
far_01 8 Triad:          23113.8     0.083407     0.083067     0.083864
close_11 8 Copy:           21102.3     0.060900     0.060657     0.061185
close_11 8 Scale:          20959.2     0.061307     0.061071     0.061651
close_11 8 Add:            24400.2     0.078827     0.078688     0.079057
close_11 8 Triad:          25201.8     0.076708     0.076185     0.077675
far_10 8 Copy:           22236.9     0.058090     0.057562     0.058451
far_10 8 Scale:          21709.6     0.059498     0.058960     0.060530
far_10 8 Add:            24067.7     0.080364     0.079775     0.080725
far_10 8 Triad:          23719.5     0.081667     0.080946     0.082141
close_00 9 Copy:           21723.6     0.059108     0.058922     0.059352
close_00 9 Scale:          23027.7     0.056006     0.055585     0.056923
close_00 9 Add:            25622.2     0.075133     0.074935     0.075373
close_00 9 Triad:          25754.5     0.075005     0.074550     0.075901
far_01 9 Copy:           20661.8     0.062223     0.061950     0.062578
far_01 9 Scale:          21106.4     0.060989     0.060645     0.061652
far_01 9 Add:            23018.0     0.083608     0.083413     0.083942
far_01 9 Triad:          22846.5     0.084263     0.084039     0.084559
close_11 9 Copy:           21166.8     0.060622     0.060472     0.060803
close_11 9 Scale:          21221.3     0.060562     0.060317     0.060864
close_11 9 Add:            24545.2     0.078387     0.078223     0.078668
close_11 9 Triad:          25214.4     0.076590     0.076147     0.077323
far_10 9 Copy:           21130.5     0.060798     0.060576     0.061019
far_10 9 Scale:          21685.4     0.059459     0.059026     0.060213
far_10 9 Add:            23533.4     0.081868     0.081586     0.082043
far_10 9 Triad:          23662.5     0.081719     0.081141     0.082160
close_00 10 Copy:           22306.7     0.057686     0.057382     0.058144
close_00 10 Scale:          22561.9     0.057276     0.056733     0.058006
close_00 10 Add:            26096.2     0.073895     0.073574     0.074465
close_00 10 Triad:          25977.5     0.074368     0.073910     0.074993
far_01 10 Copy:           21280.8     0.060552     0.060148     0.061903
far_01 10 Scale:          21106.5     0.061207     0.060645     0.062980
far_01 10 Add:            23570.5     0.081825     0.081458     0.082248
far_01 10 Triad:          23302.4     0.082920     0.082395     0.084718
close_11 10 Copy:           20879.6     0.061503     0.061304     0.061718
close_11 10 Scale:          21643.1     0.059590     0.059141     0.060497
close_11 10 Add:            24255.3     0.079359     0.079158     0.079542
close_11 10 Triad:          24883.0     0.077339     0.077161     0.077704
far_10 10 Copy:           21068.6     0.060999     0.060754     0.061374
far_10 10 Scale:          22075.5     0.058323     0.057983     0.058866
far_10 10 Add:            23745.9     0.081073     0.080856     0.081545
far_10 10 Triad:          24075.9     0.080025     0.079748     0.080441
